1.479617305726754785e+04 5.924163947114951156e+01 2.005678624451160200e-02 1.022975175252682223e-01 2.762498035813578529e-02 1.917145111121258700e-09 9.991653933742985494e-01
1.477103594961946510e+04 5.745875826383517193e+01 1.993128285232846977e-02 1.064938372115669662e-01 2.059299013600825526e-02 1.912932909078755580e-09 9.905596469787784075e-01
1.477103594961946510e+04 5.745875826383517193e+01 1.993128285232846977e-02 1.064938372115669662e-01 2.059299013600825526e-02 1.912932909078755580e-09 9.905596469787784075e-01
1.477103594961946510e+04 5.745875826383517193e+01 1.993128285232846977e-02 1.064938372115669662e-01 2.059299013600825526e-02 1.912932909078755580e-09 9.905596469787784075e-01
1.477103594961946510e+04 5.745875826383517193e+01 1.993128285232846977e-02 1.064938372115669662e-01 2.059299013600825526e-02 1.912932909078755580e-09 9.905596469787784075e-01
1.477103594961946510e+04 5.745875826383517193e+01 1.993128285232846977e-02 1.064938372115669662e-01 2.059299013600825526e-02 1.912932909078755580e-09 9.905596469787784075e-01
1.475233034273243356e+04 5.724991883529709469e+01 2.000470696505498441e-02 1.073567012347272087e-01 5.409943846588378957e-02 2.052157525401940410e-09 9.896889841453954118e-01
1.475233034273243356e+04 5.724991883529709469e+01 2.000470696505498441e-02 1.073567012347272087e-01 5.409943846588378957e-02 2.052157525401940410e-09 9.896889841453954118e-01
1.475233034273243356e+04 5.724991883529709469e+01 2.000470696505498441e-02 1.073567012347272087e-01 5.409943846588378957e-02 2.052157525401940410e-09 9.896889841453954118e-01
1.471645960755017040e+04 5.665132820596200958e+01 1.998981133182635775e-02 1.087461770330321459e-01 6.200824578643878565e-02 2.094164761156431006e-09 9.841441479131757264e-01
