1.466418119677824507e+04 6.006707027478056204e+01 2.027013789770798838e-02 1.009100310483680013e-01 6.604649884599854415e-02 2.069418783697234314e-09 9.964121624131256905e-01
1.464915774982898438e+04 6.057629884401884368e+01 2.037718360606339055e-02 1.003429052091385498e-01 6.667832447845631338e-02 2.068398849587329164e-09 1.002883696631110322e+00
1.464915774982898438e+04 6.057629884401884368e+01 2.037718360606339055e-02 1.003429052091385498e-01 6.667832447845631338e-02 2.068398849587329164e-09 1.002883696631110322e+00
1.410415252843364215e+04 5.953985163316146867e+01 2.028875042065774598e-02 1.023559316614394837e-01 9.720620727375797743e-02 2.199326936600109126e-09 9.962049867425343264e-01
1.357369854750698323e+04 5.902869839848142419e+01 2.026546773144509428e-02 1.041940612268031779e-01 9.452379975397859346e-02 2.199000724290397093e-09 9.917068163770246247e-01
1.357369854750698323e+04 5.902869839848142419e+01 2.026546773144509428e-02 1.041940612268031779e-01 9.452379975397859346e-02 2.199000724290397093e-09 9.917068163770246247e-01
1.357369854750698323e+04 5.902869839848142419e+01 2.026546773144509428e-02 1.041940612268031779e-01 9.452379975397859346e-02 2.199000724290397093e-09 9.917068163770246247e-01
1.357369854750698323e+04 5.902869839848142419e+01 2.026546773144509428e-02 1.041940612268031779e-01 9.452379975397859346e-02 2.199000724290397093e-09 9.917068163770246247e-01
1.357369854750698323e+04 5.902869839848142419e+01 2.026546773144509428e-02 1.041940612268031779e-01 9.452379975397859346e-02 2.199000724290397093e-09 9.917068163770246247e-01
1.357369854750698323e+04 5.902869839848142419e+01 2.026546773144509428e-02 1.041940612268031779e-01 9.452379975397859346e-02 2.199000724290397093e-09 9.917068163770246247e-01
